# Source skeleton paths intersecting the elf lower-bow upper edge. One path per line.
441,414 441,415 441,416 441,417 441,418 441,419 441,420 440,421 440,422 440,423 440,424 440,425 440,426 440,427 440,428
443,419 443,420 443,421 443,422 443,423 443,424 443,425 442,426 442,427 441,428 440,428
489,419 489,420 488,421 488,422 487,423 487,424 487,425 486,426 486,427 485,428 485,429
513,422 512,423 511,424 510,424 509,425 508,426 507,427 506,428 505,429 504,430 504,431 504,432 503,433 503,434 502,435 502,436 501,437 501,438 501,439 501,440 500,441 500,442 500,443
494,425 495,425 496,425 497,426 498,426 499,426 500,425 501,425
440,428 440,429 440,430 440,431 440,432 440,433 439,434 439,435 439,436 439,437 439,438 439,439 439,440 438,441 438,442 438,443 438,444 438,445 438,446 438,447 438,448 438,449 438,450 438,451 438,452 438,453
496,428 496,429 495,430 495,431 494,432 493,433 492,433
485,429 486,429
485,429 484,430
484,430 485,431 484,432
484,430 483,431 483,432
483,432 484,432
483,432 482,433
484,432 484,433 483,434
482,433 483,434
482,433 481,434
481,434 482,435
481,434 480,435 480,436
483,434 482,435
482,435 481,436 480,436
480,436 479,437 478,438
478,438 477,438 476,439 476,440
478,438 478,439 477,440 476,440
476,440 475,440 474,441
474,441 473,441 472,442
474,441 474,442
472,442 471,442 470,443
472,442 472,443 471,444 470,444
486,442 486,443 486,444 486,445 485,446
470,443 469,443 468,444 468,445
470,443 470,444
500,443 501,444
500,443 499,444 499,445 499,446
470,444 469,445 468,445
466,445 466,446
468,445 467,446 466,446
464,446 464,447
466,446 465,447 464,447
499,446 500,446
499,446 498,447 497,448 497,449 496,450 495,451 494,451 493,452 492,452 491,453 490,454 489,454 488,455 487,456 486,456 485,457 484,457 483,458 482,458 481,458 480,459 479,460 478,460 477,460
464,447 463,448 462,448
483,447 482,447 481,448 480,449 479,450 478,451
462,448 461,447 460,448 460,449
462,448 461,449 460,449
459,449 458,448 457,449 457,450
459,449 460,449
459,449 458,450 457,450
451,450 450,450 449,450 448,451
451,450 452,450 453,450
451,450 451,451 450,452 449,452 448,451
453,450 454,449 455,449 456,450
453,450 454,451 455,451 456,450
456,450 457,450
446,451 445,451 444,451 443,451 442,451 441,452
446,451 447,451 448,451
446,451 446,452 445,453 444,453 443,453 442,453 441,452
441,452 440,452 439,453 438,453
438,453 438,454 438,455 437,456 437,457 437,458 436,459 436,460 436,461 436,462 436,463
